P_IN=11493.864797
RHO_IN=0.307649
A_IN=368.64698860465114
C_IN=302.969728
H0_IN=718624.090088
A_OUT=10000
P_OUT=0.2e5
OUTPUT_FILENAME=DIFFUSER_RESULT.txt
